{
  "nbformat": 4,
  "nbformat_minor": 0,
  "metadata": {
    "colab": {
      "provenance": []
    },
    "kernelspec": {
      "name": "python3",
      "display_name": "Python 3"
    },
    "language_info": {
      "name": "python"
    }
  },
  "cells": [
    {
      "cell_type": "code",
      "source": [
        "#Linear & polynomial(House Price Prediction)\n",
        "import numpy as np\n",
        "import pandas as pd\n",
        "import seaborn as sns\n",
        "import matplotlib.pyplot as plt\n",
        "from sklearn.decomposition import PCA\n",
        "from sklearn.preprocessing import MinMaxScaler, StandardScaler\n",
        "from sklearn.model_selection import train_test_split\n",
        "from sklearn.linear_model import LinearRegression\n",
        "from sklearn.metrics import mean_squared_error, mean_absolute_error\n",
        "from sklearn.preprocessing import PolynomialFeatures"
      ],
      "metadata": {
        "id": "FiKQ_Y8JswdQ"
      },
      "execution_count": null,
      "outputs": []
    },
    {
      "cell_type": "code",
      "source": [
        "df = pd.read_csv(\"/content/drive/MyDrive/kc_house_data.csv\")"
      ],
      "metadata": {
        "id": "1-9AktiSs26l"
      },
      "execution_count": null,
      "outputs": []
    },
    {
      "cell_type": "markdown",
      "source": [
        "Drop unnecessary columns"
      ],
      "metadata": {
        "id": "R0CZFLVrtB7L"
      }
    },
    {
      "cell_type": "code",
      "source": [
        "df.drop(columns=[\"id\",\"date\",\"zipcode\"],axis=1,inplace=True)\n",
        "df.drop(columns=[\"condition\",\"long\"],inplace=True)"
      ],
      "metadata": {
        "id": "2D-7bd4hs_ls"
      },
      "execution_count": null,
      "outputs": []
    },
    {
      "cell_type": "code",
      "source": [
        "df.corr()"
      ],
      "metadata": {
        "colab": {
          "base_uri": "https://localhost:8080/",
          "height": 571
        },
        "id": "EwbbcqAOtEQo",
        "outputId": "9d13fc66-7417-4afc-8197-f501f3845ee9"
      },
      "execution_count": null,
      "outputs": [
        {
          "output_type": "execute_result",
          "data": {
            "text/plain": [
              "                  price  bedrooms  bathrooms  sqft_living  sqft_lot    floors  \\\n",
              "price          1.000000  0.308350   0.525138     0.702035  0.089661  0.256794   \n",
              "bedrooms       0.308350  1.000000   0.515884     0.576671  0.031703  0.175429   \n",
              "bathrooms      0.525138  0.515884   1.000000     0.754665  0.087740  0.500653   \n",
              "sqft_living    0.702035  0.576671   0.754665     1.000000  0.172826  0.353949   \n",
              "sqft_lot       0.089661  0.031703   0.087740     0.172826  1.000000 -0.005201   \n",
              "floors         0.256794  0.175429   0.500653     0.353949 -0.005201  1.000000   \n",
              "waterfront     0.266369 -0.006582   0.063744     0.103818  0.021604  0.023698   \n",
              "view           0.397293  0.079532   0.187737     0.284611  0.074710  0.029444   \n",
              "grade          0.667434  0.356967   0.664983     0.762704  0.113621  0.458183   \n",
              "sqft_above     0.605567  0.477600   0.685342     0.876597  0.183512  0.523885   \n",
              "sqft_basement  0.323816  0.303093   0.283770     0.435043  0.015286 -0.245705   \n",
              "yr_built       0.054012  0.154178   0.506019     0.318049  0.053080  0.489319   \n",
              "yr_renovated   0.126434  0.018841   0.050739     0.055363  0.007644  0.006338   \n",
              "lat            0.307003 -0.008931   0.024573     0.052529 -0.085683  0.049614   \n",
              "sqft_living15  0.585379  0.391638   0.568634     0.756420  0.144608  0.279885   \n",
              "sqft_lot15     0.082447  0.029244   0.087175     0.183286  0.718557 -0.011269   \n",
              "\n",
              "               waterfront      view     grade  sqft_above  sqft_basement  \\\n",
              "price            0.266369  0.397293  0.667434    0.605567       0.323816   \n",
              "bedrooms        -0.006582  0.079532  0.356967    0.477600       0.303093   \n",
              "bathrooms        0.063744  0.187737  0.664983    0.685342       0.283770   \n",
              "sqft_living      0.103818  0.284611  0.762704    0.876597       0.435043   \n",
              "sqft_lot         0.021604  0.074710  0.113621    0.183512       0.015286   \n",
              "floors           0.023698  0.029444  0.458183    0.523885      -0.245705   \n",
              "waterfront       1.000000  0.401857  0.082775    0.072075       0.080588   \n",
              "view             0.401857  1.000000  0.251321    0.167649       0.276947   \n",
              "grade            0.082775  0.251321  1.000000    0.755923       0.168392   \n",
              "sqft_above       0.072075  0.167649  0.755923    1.000000      -0.051943   \n",
              "sqft_basement    0.080588  0.276947  0.168392   -0.051943       1.000000   \n",
              "yr_built        -0.026161 -0.053440  0.446963    0.423898      -0.133124   \n",
              "yr_renovated     0.092885  0.103917  0.014414    0.023285       0.071323   \n",
              "lat             -0.014274  0.006157  0.114084   -0.000816       0.110538   \n",
              "sqft_living15    0.086463  0.280439  0.713202    0.731870       0.200355   \n",
              "sqft_lot15       0.030703  0.072575  0.119248    0.194050       0.017276   \n",
              "\n",
              "               yr_built  yr_renovated       lat  sqft_living15  sqft_lot15  \n",
              "price          0.054012      0.126434  0.307003       0.585379    0.082447  \n",
              "bedrooms       0.154178      0.018841 -0.008931       0.391638    0.029244  \n",
              "bathrooms      0.506019      0.050739  0.024573       0.568634    0.087175  \n",
              "sqft_living    0.318049      0.055363  0.052529       0.756420    0.183286  \n",
              "sqft_lot       0.053080      0.007644 -0.085683       0.144608    0.718557  \n",
              "floors         0.489319      0.006338  0.049614       0.279885   -0.011269  \n",
              "waterfront    -0.026161      0.092885 -0.014274       0.086463    0.030703  \n",
              "view          -0.053440      0.103917  0.006157       0.280439    0.072575  \n",
              "grade          0.446963      0.014414  0.114084       0.713202    0.119248  \n",
              "sqft_above     0.423898      0.023285 -0.000816       0.731870    0.194050  \n",
              "sqft_basement -0.133124      0.071323  0.110538       0.200355    0.017276  \n",
              "yr_built       1.000000     -0.224874 -0.148122       0.326229    0.070958  \n",
              "yr_renovated  -0.224874      1.000000  0.029398      -0.002673    0.007854  \n",
              "lat           -0.148122      0.029398  1.000000       0.048858   -0.086419  \n",
              "sqft_living15  0.326229     -0.002673  0.048858       1.000000    0.183192  \n",
              "sqft_lot15     0.070958      0.007854 -0.086419       0.183192    1.000000  "
            ],
            "text/html": [
              "\n",
              "  <div id=\"df-fe714d2a-bcfd-4edc-9ffe-b3f113445268\" class=\"colab-df-container\">\n",
              "    <div>\n",
              "<style scoped>\n",
              "    .dataframe tbody tr th:only-of-type {\n",
              "        vertical-align: middle;\n",
              "    }\n",
              "\n",
              "    .dataframe tbody tr th {\n",
              "        vertical-align: top;\n",
              "    }\n",
              "\n",
              "    .dataframe thead th {\n",
              "        text-align: right;\n",
              "    }\n",
              "</style>\n",
              "<table border=\"1\" class=\"dataframe\">\n",
              "  <thead>\n",
              "    <tr style=\"text-align: right;\">\n",
              "      <th></th>\n",
              "      <th>price</th>\n",
              "      <th>bedrooms</th>\n",
              "      <th>bathrooms</th>\n",
              "      <th>sqft_living</th>\n",
              "      <th>sqft_lot</th>\n",
              "      <th>floors</th>\n",
              "      <th>waterfront</th>\n",
              "      <th>view</th>\n",
              "      <th>grade</th>\n",
              "      <th>sqft_above</th>\n",
              "      <th>sqft_basement</th>\n",
              "      <th>yr_built</th>\n",
              "      <th>yr_renovated</th>\n",
              "      <th>lat</th>\n",
              "      <th>sqft_living15</th>\n",
              "      <th>sqft_lot15</th>\n",
              "    </tr>\n",
              "  </thead>\n",
              "  <tbody>\n",
              "    <tr>\n",
              "      <th>price</th>\n",
              "      <td>1.000000</td>\n",
              "      <td>0.308350</td>\n",
              "      <td>0.525138</td>\n",
              "      <td>0.702035</td>\n",
              "      <td>0.089661</td>\n",
              "      <td>0.256794</td>\n",
              "      <td>0.266369</td>\n",
              "      <td>0.397293</td>\n",
              "      <td>0.667434</td>\n",
              "      <td>0.605567</td>\n",
              "      <td>0.323816</td>\n",
              "      <td>0.054012</td>\n",
              "      <td>0.126434</td>\n",
              "      <td>0.307003</td>\n",
              "      <td>0.585379</td>\n",
              "      <td>0.082447</td>\n",
              "    </tr>\n",
              "    <tr>\n",
              "      <th>bedrooms</th>\n",
              "      <td>0.308350</td>\n",
              "      <td>1.000000</td>\n",
              "      <td>0.515884</td>\n",
              "      <td>0.576671</td>\n",
              "      <td>0.031703</td>\n",
              "      <td>0.175429</td>\n",
              "      <td>-0.006582</td>\n",
              "      <td>0.079532</td>\n",
              "      <td>0.356967</td>\n",
              "      <td>0.477600</td>\n",
              "      <td>0.303093</td>\n",
              "      <td>0.154178</td>\n",
              "      <td>0.018841</td>\n",
              "      <td>-0.008931</td>\n",
              "      <td>0.391638</td>\n",
              "      <td>0.029244</td>\n",
              "    </tr>\n",
              "    <tr>\n",
              "      <th>bathrooms</th>\n",
              "      <td>0.525138</td>\n",
              "      <td>0.515884</td>\n",
              "      <td>1.000000</td>\n",
              "      <td>0.754665</td>\n",
              "      <td>0.087740</td>\n",
              "      <td>0.500653</td>\n",
              "      <td>0.063744</td>\n",
              "      <td>0.187737</td>\n",
              "      <td>0.664983</td>\n",
              "      <td>0.685342</td>\n",
              "      <td>0.283770</td>\n",
              "      <td>0.506019</td>\n",
              "      <td>0.050739</td>\n",
              "      <td>0.024573</td>\n",
              "      <td>0.568634</td>\n",
              "      <td>0.087175</td>\n",
              "    </tr>\n",
              "    <tr>\n",
              "      <th>sqft_living</th>\n",
              "      <td>0.702035</td>\n",
              "      <td>0.576671</td>\n",
              "      <td>0.754665</td>\n",
              "      <td>1.000000</td>\n",
              "      <td>0.172826</td>\n",
              "      <td>0.353949</td>\n",
              "      <td>0.103818</td>\n",
              "      <td>0.284611</td>\n",
              "      <td>0.762704</td>\n",
              "      <td>0.876597</td>\n",
              "      <td>0.435043</td>\n",
              "      <td>0.318049</td>\n",
              "      <td>0.055363</td>\n",
              "      <td>0.052529</td>\n",
              "      <td>0.756420</td>\n",
              "      <td>0.183286</td>\n",
              "    </tr>\n",
              "    <tr>\n",
              "      <th>sqft_lot</th>\n",
              "      <td>0.089661</td>\n",
              "      <td>0.031703</td>\n",
              "      <td>0.087740</td>\n",
              "      <td>0.172826</td>\n",
              "      <td>1.000000</td>\n",
              "      <td>-0.005201</td>\n",
              "      <td>0.021604</td>\n",
              "      <td>0.074710</td>\n",
              "      <td>0.113621</td>\n",
              "      <td>0.183512</td>\n",
              "      <td>0.015286</td>\n",
              "      <td>0.053080</td>\n",
              "      <td>0.007644</td>\n",
              "      <td>-0.085683</td>\n",
              "      <td>0.144608</td>\n",
              "      <td>0.718557</td>\n",
              "    </tr>\n",
              "    <tr>\n",
              "      <th>floors</th>\n",
              "      <td>0.256794</td>\n",
              "      <td>0.175429</td>\n",
              "      <td>0.500653</td>\n",
              "      <td>0.353949</td>\n",
              "      <td>-0.005201</td>\n",
              "      <td>1.000000</td>\n",
              "      <td>0.023698</td>\n",
              "      <td>0.029444</td>\n",
              "      <td>0.458183</td>\n",
              "      <td>0.523885</td>\n",
              "      <td>-0.245705</td>\n",
              "      <td>0.489319</td>\n",
              "      <td>0.006338</td>\n",
              "      <td>0.049614</td>\n",
              "      <td>0.279885</td>\n",
              "      <td>-0.011269</td>\n",
              "    </tr>\n",
              "    <tr>\n",
              "      <th>waterfront</th>\n",
              "      <td>0.266369</td>\n",
              "      <td>-0.006582</td>\n",
              "      <td>0.063744</td>\n",
              "      <td>0.103818</td>\n",
              "      <td>0.021604</td>\n",
              "      <td>0.023698</td>\n",
              "      <td>1.000000</td>\n",
              "      <td>0.401857</td>\n",
              "      <td>0.082775</td>\n",
              "      <td>0.072075</td>\n",
              "      <td>0.080588</td>\n",
              "      <td>-0.026161</td>\n",
              "      <td>0.092885</td>\n",
              "      <td>-0.014274</td>\n",
              "      <td>0.086463</td>\n",
              "      <td>0.030703</td>\n",
              "    </tr>\n",
              "    <tr>\n",
              "      <th>view</th>\n",
              "      <td>0.397293</td>\n",
              "      <td>0.079532</td>\n",
              "      <td>0.187737</td>\n",
              "      <td>0.284611</td>\n",
              "      <td>0.074710</td>\n",
              "      <td>0.029444</td>\n",
              "      <td>0.401857</td>\n",
              "      <td>1.000000</td>\n",
              "      <td>0.251321</td>\n",
              "      <td>0.167649</td>\n",
              "      <td>0.276947</td>\n",
              "      <td>-0.053440</td>\n",
              "      <td>0.103917</td>\n",
              "      <td>0.006157</td>\n",
              "      <td>0.280439</td>\n",
              "      <td>0.072575</td>\n",
              "    </tr>\n",
              "    <tr>\n",
              "      <th>grade</th>\n",
              "      <td>0.667434</td>\n",
              "      <td>0.356967</td>\n",
              "      <td>0.664983</td>\n",
              "      <td>0.762704</td>\n",
              "      <td>0.113621</td>\n",
              "      <td>0.458183</td>\n",
              "      <td>0.082775</td>\n",
              "      <td>0.251321</td>\n",
              "      <td>1.000000</td>\n",
              "      <td>0.755923</td>\n",
              "      <td>0.168392</td>\n",
              "      <td>0.446963</td>\n",
              "      <td>0.014414</td>\n",
              "      <td>0.114084</td>\n",
              "      <td>0.713202</td>\n",
              "      <td>0.119248</td>\n",
              "    </tr>\n",
              "    <tr>\n",
              "      <th>sqft_above</th>\n",
              "      <td>0.605567</td>\n",
              "      <td>0.477600</td>\n",
              "      <td>0.685342</td>\n",
              "      <td>0.876597</td>\n",
              "      <td>0.183512</td>\n",
              "      <td>0.523885</td>\n",
              "      <td>0.072075</td>\n",
              "      <td>0.167649</td>\n",
              "      <td>0.755923</td>\n",
              "      <td>1.000000</td>\n",
              "      <td>-0.051943</td>\n",
              "      <td>0.423898</td>\n",
              "      <td>0.023285</td>\n",
              "      <td>-0.000816</td>\n",
              "      <td>0.731870</td>\n",
              "      <td>0.194050</td>\n",
              "    </tr>\n",
              "    <tr>\n",
              "      <th>sqft_basement</th>\n",
              "      <td>0.323816</td>\n",
              "      <td>0.303093</td>\n",
              "      <td>0.283770</td>\n",
              "      <td>0.435043</td>\n",
              "      <td>0.015286</td>\n",
              "      <td>-0.245705</td>\n",
              "      <td>0.080588</td>\n",
              "      <td>0.276947</td>\n",
              "      <td>0.168392</td>\n",
              "      <td>-0.051943</td>\n",
              "      <td>1.000000</td>\n",
              "      <td>-0.133124</td>\n",
              "      <td>0.071323</td>\n",
              "      <td>0.110538</td>\n",
              "      <td>0.200355</td>\n",
              "      <td>0.017276</td>\n",
              "    </tr>\n",
              "    <tr>\n",
              "      <th>yr_built</th>\n",
              "      <td>0.054012</td>\n",
              "      <td>0.154178</td>\n",
              "      <td>0.506019</td>\n",
              "      <td>0.318049</td>\n",
              "      <td>0.053080</td>\n",
              "      <td>0.489319</td>\n",
              "      <td>-0.026161</td>\n",
              "      <td>-0.053440</td>\n",
              "      <td>0.446963</td>\n",
              "      <td>0.423898</td>\n",
              "      <td>-0.133124</td>\n",
              "      <td>1.000000</td>\n",
              "      <td>-0.224874</td>\n",
              "      <td>-0.148122</td>\n",
              "      <td>0.326229</td>\n",
              "      <td>0.070958</td>\n",
              "    </tr>\n",
              "    <tr>\n",
              "      <th>yr_renovated</th>\n",
              "      <td>0.126434</td>\n",
              "      <td>0.018841</td>\n",
              "      <td>0.050739</td>\n",
              "      <td>0.055363</td>\n",
              "      <td>0.007644</td>\n",
              "      <td>0.006338</td>\n",
              "      <td>0.092885</td>\n",
              "      <td>0.103917</td>\n",
              "      <td>0.014414</td>\n",
              "      <td>0.023285</td>\n",
              "      <td>0.071323</td>\n",
              "      <td>-0.224874</td>\n",
              "      <td>1.000000</td>\n",
              "      <td>0.029398</td>\n",
              "      <td>-0.002673</td>\n",
              "      <td>0.007854</td>\n",
              "    </tr>\n",
              "    <tr>\n",
              "      <th>lat</th>\n",
              "      <td>0.307003</td>\n",
              "      <td>-0.008931</td>\n",
              "      <td>0.024573</td>\n",
              "      <td>0.052529</td>\n",
              "      <td>-0.085683</td>\n",
              "      <td>0.049614</td>\n",
              "      <td>-0.014274</td>\n",
              "      <td>0.006157</td>\n",
              "      <td>0.114084</td>\n",
              "      <td>-0.000816</td>\n",
              "      <td>0.110538</td>\n",
              "      <td>-0.148122</td>\n",
              "      <td>0.029398</td>\n",
              "      <td>1.000000</td>\n",
              "      <td>0.048858</td>\n",
              "      <td>-0.086419</td>\n",
              "    </tr>\n",
              "    <tr>\n",
              "      <th>sqft_living15</th>\n",
              "      <td>0.585379</td>\n",
              "      <td>0.391638</td>\n",
              "      <td>0.568634</td>\n",
              "      <td>0.756420</td>\n",
              "      <td>0.144608</td>\n",
              "      <td>0.279885</td>\n",
              "      <td>0.086463</td>\n",
              "      <td>0.280439</td>\n",
              "      <td>0.713202</td>\n",
              "      <td>0.731870</td>\n",
              "      <td>0.200355</td>\n",
              "      <td>0.326229</td>\n",
              "      <td>-0.002673</td>\n",
              "      <td>0.048858</td>\n",
              "      <td>1.000000</td>\n",
              "      <td>0.183192</td>\n",
              "    </tr>\n",
              "    <tr>\n",
              "      <th>sqft_lot15</th>\n",
              "      <td>0.082447</td>\n",
              "      <td>0.029244</td>\n",
              "      <td>0.087175</td>\n",
              "      <td>0.183286</td>\n",
              "      <td>0.718557</td>\n",
              "      <td>-0.011269</td>\n",
              "      <td>0.030703</td>\n",
              "      <td>0.072575</td>\n",
              "      <td>0.119248</td>\n",
              "      <td>0.194050</td>\n",
              "      <td>0.017276</td>\n",
              "      <td>0.070958</td>\n",
              "      <td>0.007854</td>\n",
              "      <td>-0.086419</td>\n",
              "      <td>0.183192</td>\n",
              "      <td>1.000000</td>\n",
              "    </tr>\n",
              "  </tbody>\n",
              "</table>\n",
              "</div>\n",
              "    <div class=\"colab-df-buttons\">\n",
              "\n",
              "  <div class=\"colab-df-container\">\n",
              "    <button class=\"colab-df-convert\" onclick=\"convertToInteractive('df-fe714d2a-bcfd-4edc-9ffe-b3f113445268')\"\n",
              "            title=\"Convert this dataframe to an interactive table.\"\n",
              "            style=\"display:none;\">\n",
              "\n",
              "  <svg xmlns=\"http://www.w3.org/2000/svg\" height=\"24px\" viewBox=\"0 -960 960 960\">\n",
              "    <path d=\"M120-120v-720h720v720H120Zm60-500h600v-160H180v160Zm220 220h160v-160H400v160Zm0 220h160v-160H400v160ZM180-400h160v-160H180v160Zm440 0h160v-160H620v160ZM180-180h160v-160H180v160Zm440 0h160v-160H620v160Z\"/>\n",
              "  </svg>\n",
              "    </button>\n",
              "\n",
              "  <style>\n",
              "    .colab-df-container {\n",
              "      display:flex;\n",
              "      gap: 12px;\n",
              "    }\n",
              "\n",
              "    .colab-df-convert {\n",
              "      background-color: #E8F0FE;\n",
              "      border: none;\n",
              "      border-radius: 50%;\n",
              "      cursor: pointer;\n",
              "      display: none;\n",
              "      fill: #1967D2;\n",
              "      height: 32px;\n",
              "      padding: 0 0 0 0;\n",
              "      width: 32px;\n",
              "    }\n",
              "\n",
              "    .colab-df-convert:hover {\n",
              "      background-color: #E2EBFA;\n",
              "      box-shadow: 0px 1px 2px rgba(60, 64, 67, 0.3), 0px 1px 3px 1px rgba(60, 64, 67, 0.15);\n",
              "      fill: #174EA6;\n",
              "    }\n",
              "\n",
              "    .colab-df-buttons div {\n",
              "      margin-bottom: 4px;\n",
              "    }\n",
              "\n",
              "    [theme=dark] .colab-df-convert {\n",
              "      background-color: #3B4455;\n",
              "      fill: #D2E3FC;\n",
              "    }\n",
              "\n",
              "    [theme=dark] .colab-df-convert:hover {\n",
              "      background-color: #434B5C;\n",
              "      box-shadow: 0px 1px 3px 1px rgba(0, 0, 0, 0.15);\n",
              "      filter: drop-shadow(0px 1px 2px rgba(0, 0, 0, 0.3));\n",
              "      fill: #FFFFFF;\n",
              "    }\n",
              "  </style>\n",
              "\n",
              "    <script>\n",
              "      const buttonEl =\n",
              "        document.querySelector('#df-fe714d2a-bcfd-4edc-9ffe-b3f113445268 button.colab-df-convert');\n",
              "      buttonEl.style.display =\n",
              "        google.colab.kernel.accessAllowed ? 'block' : 'none';\n",
              "\n",
              "      async function convertToInteractive(key) {\n",
              "        const element = document.querySelector('#df-fe714d2a-bcfd-4edc-9ffe-b3f113445268');\n",
              "        const dataTable =\n",
              "          await google.colab.kernel.invokeFunction('convertToInteractive',\n",
              "                                                    [key], {});\n",
              "        if (!dataTable) return;\n",
              "\n",
              "        const docLinkHtml = 'Like what you see? Visit the ' +\n",
              "          '<a target=\"_blank\" href=https://colab.research.google.com/notebooks/data_table.ipynb>data table notebook</a>'\n",
              "          + ' to learn more about interactive tables.';\n",
              "        element.innerHTML = '';\n",
              "        dataTable['output_type'] = 'display_data';\n",
              "        await google.colab.output.renderOutput(dataTable, element);\n",
              "        const docLink = document.createElement('div');\n",
              "        docLink.innerHTML = docLinkHtml;\n",
              "        element.appendChild(docLink);\n",
              "      }\n",
              "    </script>\n",
              "  </div>\n",
              "\n",
              "\n",
              "<div id=\"df-19dad5b4-1291-4842-876e-511733cd98f2\">\n",
              "  <button class=\"colab-df-quickchart\" onclick=\"quickchart('df-19dad5b4-1291-4842-876e-511733cd98f2')\"\n",
              "            title=\"Suggest charts.\"\n",
              "            style=\"display:none;\">\n",
              "\n",
              "<svg xmlns=\"http://www.w3.org/2000/svg\" height=\"24px\"viewBox=\"0 0 24 24\"\n",
              "     width=\"24px\">\n",
              "    <g>\n",
              "        <path d=\"M19 3H5c-1.1 0-2 .9-2 2v14c0 1.1.9 2 2 2h14c1.1 0 2-.9 2-2V5c0-1.1-.9-2-2-2zM9 17H7v-7h2v7zm4 0h-2V7h2v10zm4 0h-2v-4h2v4z\"/>\n",
              "    </g>\n",
              "</svg>\n",
              "  </button>\n",
              "\n",
              "<style>\n",
              "  .colab-df-quickchart {\n",
              "      --bg-color: #E8F0FE;\n",
              "      --fill-color: #1967D2;\n",
              "      --hover-bg-color: #E2EBFA;\n",
              "      --hover-fill-color: #174EA6;\n",
              "      --disabled-fill-color: #AAA;\n",
              "      --disabled-bg-color: #DDD;\n",
              "  }\n",
              "\n",
              "  [theme=dark] .colab-df-quickchart {\n",
              "      --bg-color: #3B4455;\n",
              "      --fill-color: #D2E3FC;\n",
              "      --hover-bg-color: #434B5C;\n",
              "      --hover-fill-color: #FFFFFF;\n",
              "      --disabled-bg-color: #3B4455;\n",
              "      --disabled-fill-color: #666;\n",
              "  }\n",
              "\n",
              "  .colab-df-quickchart {\n",
              "    background-color: var(--bg-color);\n",
              "    border: none;\n",
              "    border-radius: 50%;\n",
              "    cursor: pointer;\n",
              "    display: none;\n",
              "    fill: var(--fill-color);\n",
              "    height: 32px;\n",
              "    padding: 0;\n",
              "    width: 32px;\n",
              "  }\n",
              "\n",
              "  .colab-df-quickchart:hover {\n",
              "    background-color: var(--hover-bg-color);\n",
              "    box-shadow: 0 1px 2px rgba(60, 64, 67, 0.3), 0 1px 3px 1px rgba(60, 64, 67, 0.15);\n",
              "    fill: var(--button-hover-fill-color);\n",
              "  }\n",
              "\n",
              "  .colab-df-quickchart-complete:disabled,\n",
              "  .colab-df-quickchart-complete:disabled:hover {\n",
              "    background-color: var(--disabled-bg-color);\n",
              "    fill: var(--disabled-fill-color);\n",
              "    box-shadow: none;\n",
              "  }\n",
              "\n",
              "  .colab-df-spinner {\n",
              "    border: 2px solid var(--fill-color);\n",
              "    border-color: transparent;\n",
              "    border-bottom-color: var(--fill-color);\n",
              "    animation:\n",
              "      spin 1s steps(1) infinite;\n",
              "  }\n",
              "\n",
              "  @keyframes spin {\n",
              "    0% {\n",
              "      border-color: transparent;\n",
              "      border-bottom-color: var(--fill-color);\n",
              "      border-left-color: var(--fill-color);\n",
              "    }\n",
              "    20% {\n",
              "      border-color: transparent;\n",
              "      border-left-color: var(--fill-color);\n",
              "      border-top-color: var(--fill-color);\n",
              "    }\n",
              "    30% {\n",
              "      border-color: transparent;\n",
              "      border-left-color: var(--fill-color);\n",
              "      border-top-color: var(--fill-color);\n",
              "      border-right-color: var(--fill-color);\n",
              "    }\n",
              "    40% {\n",
              "      border-color: transparent;\n",
              "      border-right-color: var(--fill-color);\n",
              "      border-top-color: var(--fill-color);\n",
              "    }\n",
              "    60% {\n",
              "      border-color: transparent;\n",
              "      border-right-color: var(--fill-color);\n",
              "    }\n",
              "    80% {\n",
              "      border-color: transparent;\n",
              "      border-right-color: var(--fill-color);\n",
              "      border-bottom-color: var(--fill-color);\n",
              "    }\n",
              "    90% {\n",
              "      border-color: transparent;\n",
              "      border-bottom-color: var(--fill-color);\n",
              "    }\n",
              "  }\n",
              "</style>\n",
              "\n",
              "  <script>\n",
              "    async function quickchart(key) {\n",
              "      const quickchartButtonEl =\n",
              "        document.querySelector('#' + key + ' button');\n",
              "      quickchartButtonEl.disabled = true;  // To prevent multiple clicks.\n",
              "      quickchartButtonEl.classList.add('colab-df-spinner');\n",
              "      try {\n",
              "        const charts = await google.colab.kernel.invokeFunction(\n",
              "            'suggestCharts', [key], {});\n",
              "      } catch (error) {\n",
              "        console.error('Error during call to suggestCharts:', error);\n",
              "      }\n",
              "      quickchartButtonEl.classList.remove('colab-df-spinner');\n",
              "      quickchartButtonEl.classList.add('colab-df-quickchart-complete');\n",
              "    }\n",
              "    (() => {\n",
              "      let quickchartButtonEl =\n",
              "        document.querySelector('#df-19dad5b4-1291-4842-876e-511733cd98f2 button');\n",
              "      quickchartButtonEl.style.display =\n",
              "        google.colab.kernel.accessAllowed ? 'block' : 'none';\n",
              "    })();\n",
              "  </script>\n",
              "</div>\n",
              "    </div>\n",
              "  </div>\n"
            ]
          },
          "metadata": {},
          "execution_count": 27
        }
      ]
    },
    {
      "cell_type": "markdown",
      "source": [
        "Drop furthur columns"
      ],
      "metadata": {
        "id": "LJaO5jwStJS4"
      }
    },
    {
      "cell_type": "code",
      "source": [
        "chart = sns.relplot(x =\"sqft_living\", y =\"sqft_living15\", data = df)\n",
        "plt.xlabel(\"sqft_living\")\n",
        "plt.ylabel(\"sqft_living15\")\n",
        "plt.show()"
      ],
      "metadata": {
        "colab": {
          "base_uri": "https://localhost:8080/",
          "height": 507
        },
        "id": "br8Vh9u-tGBa",
        "outputId": "86920869-ea89-44bc-b8ed-1ad64d73f187"
      },
      "execution_count": null,
      "outputs": [
        {
          "output_type": "display_data",
          "data": {
            "text/plain": [
              "<Figure size 500x500 with 1 Axes>"
            ],
